    seg: 1 12 200000 0 0
    seg: 2 12 200000 0 0
    seg: 3 12 200000 0 0
    seg: 4 12 200000 0 0
    seg: 5 12 200000 0 0
    seg: 6 12 200000 0 0
    seg: 7 12 200000 0 0
    seg: 8 12 200000 0 0
    seg: 9 12 200000 0 0
    seg: 10 12 200000 0 0
    seg: 11 13 200000 0 0
    seg: 12 13 200000 0 0
    seg: 13 13 200000 0 0
    seg: 14 13 200000 0 0
    seg: 1 12 200000 0 0
    seg: 2 12 200000 0 0
    seg: 3 12 200000 0 0
    seg: 4 12 200000 0 0
    seg: 5 12 200000 0 0
    seg: 6 12 200000 0 0
    seg: 7 12 200000 0 0
    seg: 8 12 200000 0 0
    seg: 9 12 200000 0 0
    seg: 1 12 200000 0 0
    seg: 2 12 200000 0 0
    seg: 3 12 200000 0 0
    seg: 4 12 200000 0 0
    seg: 5 12 200000 0 0
    seg: 6 12 200000 0 0
    seg: 7 12 200000 0 0
    seg: 1 12 200000 0 0
    seg: 2 12 200000 0 0
    seg: 3 12 200000 0 0
    seg: 4 12 200000 0 0
    seg: 1 12 200000 0 0
    seg: 2 12 200000 0 0
    seg: 3 12 200000 0 0
    seg: 1 12 200000 0 0
    seg: 2 12 200000 0 0
    seg: 3 12 200000 0 0
    seg: 4 13 200000 0 0
    seg: 5 13 200000 0 0
    seg: 6 13 200000 0 0
    seg: 7 13 200000 0 0
    seg: 8 13 200000 0 0
    seg: 9 12 200000 0 0
    seg: 10 12 200000 0 0
    seg: 11 12 200000 0 0
    seg: 12 12 200000 0 0
    seg: 1 12 200000 0 0
    seg: 2 12 200000 0 0
    seg: 3 12 200000 0 0
    seg: 4 12 200000 0 0
    seg: 5 12 200000 0 0
    seg: 1 12 200000 0 0
    seg: 2 12 200000 0 0
    seg: 3 12 200000 0 0
    seg: 4 13 200000 0 0
    seg: 5 13 200000 0 0
    seg: 6 13 200000 0 0
    seg: 7 13 200000 0 0
    seg: 8 13 200000 0 0
    seg: 9 13 200000 0 0
    seg: 10 13 200000 0 0
    seg: 11 13 200000 0 0
    seg: 12 13 200000 0 0
    seg: 13 13 200000 0 0
    seg: 14 12 200000 0 0
    seg: 15 12 200000 0 0
    seg: 16 12 200000 0 0
    seg: 1 12 200000 0 0
    seg: 2 12 200000 0 0
    seg: 3 12 200000 0 0
    seg: 4 12 200000 0 0
    seg: 5 12 200000 0 0
    seg: 6 13 200000 0 0
    seg: 7 13 200000 0 0
    seg: 8 12 200000 0 0
    seg: 9 12 200000 0 0
    seg: 1 12 200000 0 0
    seg: 2 12 200000 0 0
    seg: 3 12 200000 0 0
    seg: 4 12 200000 0 0
    seg: 5 12 200000 0 0
    seg: 6 12 200000 0 0
    seg: 7 12 200000 0 0
    seg: 8 12 200000 0 0
    seg: 1 12 200000 0 0
    seg: 2 12 200000 0 0
    seg: 3 12 200000 0 0
    seg: 4 12 200000 0 0
    seg: 1 13 762000 0 0
    seg: 2 13 965200 0 0
    seg: 3 13 965200 0 0
    seg: 4 13 965200 0 0
    seg: 5 13 762000 0 0
    seg: 1 12 762000 0 0
    seg: 2 12 965200 0 0
    seg: 3 12 965200 0 0
    seg: 4 12 965200 0 0
    seg: 5 13 965200 0 0
    seg: 6 13 965200 0 0
    seg: 7 13 965200 0 0
    seg: 8 13 762000 0 0
    seg: 1 13 762000 0 0
    seg: 2 13 965200 0 0
    seg: 3 13 965200 0 0
    seg: 4 13 965200 0 0
    seg: 5 13 965200 0 0
    seg: 6 13 965200 0 0
    seg: 7 13 965200 0 0
    seg: 8 13 965200 0 0
    seg: 9 13 965200 0 0
    seg: 10 13 965200 0 0
    seg: 11 13 965200 0 0
    seg: 12 13 965200 0 0
    seg: 13 13 965200 0 0
    seg: 14 13 965200 0 0
    seg: 15 13 965200 0 0
    seg: 16 13 965200 0 0
    seg: 17 13 965200 0 0
    seg: 18 13 965200 0 0
    seg: 19 12 431800 0 0
    seg: 20 12 431800 0 0
    seg: 21 12 431800 0 0
    seg: 22 12 431800 0 0
    seg: 1 12 431800 0 0
    seg: 2 12 431800 0 0
    seg: 3 12 431800 0 0
    seg: 1 12 965200 0 0
    seg: 2 12 965200 0 0
    seg: 3 12 762000 0 0
    seg: 1 12 200000 0 0
    seg: 2 12 200000 0 0
    seg: 3 12 200000 0 0
    seg: 4 12 200000 0 0
    seg: 5 12 200000 0 0
    seg: 6 12 200000 0 0
    seg: 7 12 200000 0 0
    seg: 8 12 200000 0 0
    seg: 1 12 200000 0 0
    seg: 2 12 200000 0 0
    seg: 3 12 200000 0 0
    seg: 4 12 200000 0 0
    seg: 5 12 200000 0 0
    seg: 1 12 200000 0 0
    seg: 2 12 200000 0 0
    seg: 3 12 200000 0 0
    seg: 4 12 200000 0 0
    seg: 5 12 200000 0 0
    seg: 6 12 200000 0 0
    seg: 7 12 200000 0 0
    seg: 8 12 200000 0 0
    seg: 9 12 200000 0 0
    seg: 10 12 200000 0 0
    seg: 11 12 200000 0 0
    seg: 12 12 200000 0 0
    seg: 13 12 200000 0 0
    seg: 1 12 200000 0 0
    seg: 2 12 200000 0 0
    seg: 3 12 200000 0 0
    seg: 4 12 200000 0 0
    seg: 5 12 200000 0 0
    seg: 1 12 200000 0 0
    seg: 2 12 200000 0 0
    seg: 3 12 200000 0 0
    seg: 4 12 200000 0 0
    seg: 5 12 200000 0 0
    seg: 1 12 200000 0 0
    seg: 2 12 200000 0 0
    seg: 3 12 200000 0 0
    seg: 1 12 200000 0 0
    seg: 2 12 200000 0 0
    seg: 3 12 200000 0 0
    seg: 4 13 200000 0 0
    seg: 5 13 200000 0 0
    seg: 6 13 200000 0 0
    seg: 7 13 200000 0 0
    seg: 8 13 200000 0 0
    seg: 9 12 200000 0 0
    seg: 10 12 200000 0 0
    seg: 11 12 200000 0 0
    seg: 1 12 200000 0 0
    seg: 2 12 200000 0 0
    seg: 3 12 200000 0 0
    seg: 4 12 200000 0 0
    seg: 5 12 200000 0 0
    seg: 1 12 200000 0 0
    seg: 2 12 200000 0 0
    seg: 3 12 200000 0 0
    seg: 4 13 200000 0 0
    seg: 5 13 200000 0 0
    seg: 6 13 200000 0 0
    seg: 7 13 200000 0 0
    seg: 8 13 200000 0 0
    seg: 9 13 200000 0 0
    seg: 10 13 200000 0 0
    seg: 11 13 200000 0 0
    seg: 12 13 200000 0 0
    seg: 13 13 200000 0 0
    seg: 14 12 200000 0 0
    seg: 15 12 200000 0 0
    seg: 16 12 200000 0 0
    seg: 1 12 200000 0 0
    seg: 2 12 200000 0 0
    seg: 3 12 200000 0 0
    seg: 4 12 200000 0 0
    seg: 5 12 200000 0 0
    seg: 1 12 200000 0 0
    seg: 2 12 200000 0 0
    seg: 3 12 200000 0 0
    seg: 4 13 200000 0 0
    seg: 5 13 200000 0 0
    seg: 6 13 200000 0 0
    seg: 7 13 200000 0 0
    seg: 8 13 200000 0 0
    seg: 9 13 200000 0 0
    seg: 10 13 200000 0 0
    seg: 11 13 200000 0 0
    seg: 12 12 200000 0 0
    seg: 13 12 200000 0 0
    seg: 14 12 200000 0 0
    seg: 1 12 200000 0 0
    seg: 2 12 200000 0 0
    seg: 3 12 200000 0 0
    seg: 4 12 200000 0 0
    seg: 5 12 200000 0 0
    seg: 6 12 200000 0 0
    seg: 7 12 200000 0 0
    seg: 1 12 200000 0 0
    seg: 2 12 200000 0 0
    seg: 3 12 200000 0 0
    seg: 4 12 200000 0 0
    seg: 5 12 200000 0 0
    seg: 6 12 200000 0 0
    seg: 7 12 200000 0 0
    seg: 1 12 200000 0 0
    seg: 2 12 200000 0 0
    seg: 3 12 200000 0 0
    seg: 4 12 200000 0 0
    seg: 5 12 200000 0 0
    seg: 6 12 200000 0 0
    seg: 7 12 200000 0 0
    seg: 8 12 200000 0 0
    seg: 9 12 200000 0 0
    seg: 1 12 200000 0 0
    seg: 2 12 200000 0 0
    seg: 3 12 200000 0 0
    seg: 1 12 200000 0 0
    seg: 2 12 200000 0 0
    seg: 3 13 200000 0 0
    seg: 4 13 200000 0 0
    seg: 5 13 200000 0 0
    seg: 6 13 200000 0 0
    seg: 7 13 200000 0 0
    seg: 8 12 200000 0 0
    seg: 9 12 200000 0 0
    seg: 10 12 200000 0 0
    seg: 11 12 200000 0 0
    seg: 1 12 200000 0 0
    seg: 2 12 200000 0 0
    seg: 3 13 200000 0 0
    seg: 4 13 200000 0 0
    seg: 5 13 200000 0 0
    seg: 1 12 200000 0 0
    seg: 2 12 200000 0 0
    seg: 3 12 200000 0 0
    seg: 4 12 200000 0 0
    seg: 5 12 200000 0 0
    seg: 6 12 200000 0 0
    seg: 7 12 200000 0 0
    seg: 8 12 200000 0 0
    seg: 9 12 200000 0 0
    seg: 10 12 200000 0 0
    seg: 11 12 200000 0 0
    seg: 12 12 200000 0 0
    seg: 13 12 200000 0 0
    seg: 14 12 200000 0 0
    seg: 15 12 200000 0 0
    seg: 1 12 200000 0 0
    seg: 2 12 200000 0 0
    seg: 3 12 200000 0 0
    seg: 4 12 200000 0 0
    seg: 5 12 200000 0 0
    seg: 6 12 200000 0 0
    seg: 7 12 200000 0 0
    seg: 8 12 200000 0 0
    seg: 9 12 200000 0 0
    seg: 10 12 200000 0 0
    seg: 11 12 200000 0 0
    seg: 12 12 200000 0 0
    seg: 13 12 200000 0 0
    seg: 14 12 200000 0 0
    seg: 1 12 200000 0 0
    seg: 2 12 200000 0 0
    seg: 3 12 200000 0 0
    seg: 4 12 200000 0 0
    seg: 5 12 200000 0 0
    seg: 1 12 200000 0 0
    seg: 2 12 200000 0 0
    seg: 3 12 200000 0 0
    seg: 4 12 200000 0 0
    seg: 5 12 200000 0 0
    seg: 1 12 200000 0 0
    seg: 2 12 200000 0 0
    seg: 3 12 200000 0 0
    seg: 4 12 200000 0 0
    seg: 5 12 200000 0 0
    seg: 6 12 200000 0 0
    seg: 7 12 200000 0 0
    seg: 8 12 200000 0 0
    seg: 9 12 200000 0 0
    seg: 10 12 200000 0 0
    seg: 1 12 200000 0 0
    seg: 2 12 200000 0 0
    seg: 3 13 200000 0 0
    seg: 4 13 200000 0 0
    seg: 5 13 200000 0 0
    seg: 6 13 200000 0 0
    seg: 7 13 200000 0 0
    seg: 8 13 200000 0 0
    seg: 9 13 200000 0 0
    seg: 10 13 200000 0 0
    seg: 11 12 200000 0 0
    seg: 12 12 200000 0 0
    seg: 13 12 200000 0 0
    seg: 1 12 508000 0 0
    seg: 2 12 508000 0 0
    seg: 3 12 508000 0 0
    seg: 1 13 508000 0 0
    seg: 2 13 508000 0 0
    seg: 3 13 508000 0 0
    seg: 4 13 508000 0 0
    seg: 5 13 508000 0 0
    seg: 6 13 508000 0 0
    seg: 7 13 508000 0 0
    seg: 8 13 508000 0 0
    seg: 9 13 508000 0 0
    seg: 10 13 508000 0 0
    seg: 1 12 200000 0 0
    seg: 2 12 200000 0 0
    seg: 3 12 200000 0 0
    seg: 4 12 200000 0 0
    seg: 5 12 200000 0 0
    seg: 6 12 200000 0 0
    seg: 7 12 200000 0 0
    seg: 8 12 200000 0 0
    seg: 9 12 200000 0 0
    seg: 1 12 200000 0 0
    seg: 2 12 200000 0 0
    seg: 3 12 200000 0 0
    seg: 4 12 200000 0 0
    seg: 5 12 200000 0 0
    seg: 6 12 200000 0 0
    seg: 7 12 200000 0 0
    seg: 8 12 200000 0 0
    seg: 9 12 200000 0 0
    seg: 10 12 200000 0 0
    seg: 11 12 200000 0 0
    seg: 12 12 200000 0 0
    seg: 13 12 200000 0 0
    seg: 14 12 200000 0 0
    seg: 15 12 200000 0 0
    seg: 16 12 200000 0 0
    seg: 17 12 200000 0 0
    seg: 18 12 200000 0 0
    seg: 19 12 200000 0 0
    seg: 20 12 200000 0 0
    seg: 21 12 200000 0 0
    seg: 1 12 200000 0 0
    seg: 2 12 200000 0 0
    seg: 3 12 200000 0 0
    seg: 1 12 200000 0 0
    seg: 2 12 200000 0 0
    seg: 3 12 200000 0 0
    seg: 4 13 200000 0 0
    seg: 5 13 200000 0 0
    seg: 6 13 200000 0 0
    seg: 7 13 200000 0 0
    seg: 8 13 200000 0 0
    seg: 9 13 200000 0 0
    seg: 10 13 200000 0 0
    seg: 11 12 200000 0 0
    seg: 12 12 200000 0 0
    seg: 13 12 200000 0 0
    seg: 1 12 200000 0 0
    seg: 2 12 200000 0 0
    seg: 3 12 200000 0 0
    seg: 4 12 200000 0 0
    seg: 5 12 200000 0 0
    seg: 1 12 200000 0 0
    seg: 2 12 200000 0 0
    seg: 3 12 200000 0 0
    seg: 4 12 200000 0 0
    seg: 5 12 200000 0 0
    seg: 1 12 200000 0 0
    seg: 2 12 200000 0 0
    seg: 3 12 200000 0 0
    seg: 4 12 200000 0 0
    seg: 5 12 200000 0 0
    seg: 6 12 200000 0 0
    seg: 7 12 200000 0 0
    seg: 8 12 200000 0 0
    seg: 9 12 200000 0 0
    seg: 1 12 200000 0 0
    seg: 2 12 200000 0 0
    seg: 3 12 200000 0 0
    seg: 4 12 200000 0 0
    seg: 5 12 200000 0 0
    seg: 1 12 200000 0 0
    seg: 2 12 200000 0 0
    seg: 3 12 200000 0 0
    seg: 4 12 200000 0 0
    seg: 5 12 200000 0 0
    seg: 6 12 200000 0 0
    seg: 7 12 200000 0 0
    seg: 1 12 200000 0 0
    seg: 2 12 200000 0 0
    seg: 3 12 200000 0 0
    seg: 4 12 200000 0 0
    seg: 5 12 200000 0 0
    seg: 6 12 200000 0 0
    seg: 7 12 200000 0 0
    seg: 8 12 200000 0 0
    seg: 9 12 200000 0 0
    seg: 1 12 200000 0 0
    seg: 2 12 200000 0 0
    seg: 3 12 200000 0 0
    seg: 4 12 200000 0 0
    seg: 5 13 200000 0 0
    seg: 6 13 200000 0 0
    seg: 7 13 200000 0 0
    seg: 1 12 200000 0 0
    seg: 2 12 200000 0 0
    seg: 3 12 200000 0 0
    seg: 4 12 200000 0 0
    seg: 5 12 200000 0 0
    seg: 6 12 200000 0 0
    seg: 7 12 200000 0 0
    seg: 8 12 200000 0 0
    seg: 9 12 200000 0 0
    seg: 10 12 200000 0 0
    seg: 11 12 200000 0 0
    seg: 12 13 200000 0 0
    seg: 13 13 200000 0 0
    seg: 14 13 200000 0 0
    seg: 15 13 200000 0 0
    seg: 1 12 200000 0 0
    seg: 2 12 200000 0 0
    seg: 3 12 200000 0 0
    seg: 4 12 200000 0 0
    seg: 5 12 200000 0 0
    seg: 6 12 200000 0 0
    seg: 7 12 200000 0 0
    seg: 8 12 200000 0 0
    seg: 1 12 200000 0 0
    seg: 2 12 200000 0 0
    seg: 3 12 200000 0 0
    seg: 4 12 200000 0 0
    seg: 5 12 200000 0 0
    seg: 6 12 200000 0 0
    seg: 7 12 200000 0 0
    seg: 8 12 200000 0 0
    seg: 9 12 200000 0 0
    seg: 10 12 200000 0 0
    seg: 11 12 200000 0 0
    seg: 12 12 200000 0 0
    seg: 13 12 200000 0 0
    seg: 14 12 200000 0 0
    seg: 15 12 200000 0 0
    seg: 16 12 200000 0 0
    seg: 17 12 200000 0 0
    seg: 18 12 200000 0 0
    seg: 19 12 200000 0 0
    seg: 20 12 200000 0 0
    seg: 21 12 200000 0 0
    seg: 1 12 200000 0 0
    seg: 2 12 200000 0 0
    seg: 3 12 200000 0 0
    seg: 4 12 200000 0 0
    seg: 5 12 200000 0 0
    seg: 6 12 200000 0 0
    seg: 1 12 200000 0 0
    seg: 2 12 200000 0 0
    seg: 3 12 200000 0 0
    seg: 1 12 200000 0 0
    seg: 2 12 200000 0 0
    seg: 3 12 200000 0 0
    seg: 4 13 200000 0 0
    seg: 5 13 200000 0 0
    seg: 6 13 200000 0 0
    seg: 7 13 200000 0 0
    seg: 8 13 200000 0 0
    seg: 9 13 200000 0 0
    seg: 10 13 200000 0 0
    seg: 11 12 200000 0 0
    seg: 12 12 200000 0 0
    seg: 13 12 200000 0 0
    seg: 1 12 200000 0 0
    seg: 2 12 200000 0 0
    seg: 3 12 200000 0 0
    seg: 4 12 200000 0 0
    seg: 5 12 200000 0 0
    seg: 6 13 200000 0 0
    seg: 7 13 200000 0 0
    seg: 8 13 200000 0 0
    seg: 9 13 200000 0 0
    seg: 1 12 200000 0 0
    seg: 2 12 200000 0 0
    seg: 3 12 200000 0 0
    seg: 4 12 200000 0 0
    seg: 5 12 200000 0 0
    seg: 6 12 200000 0 0
    seg: 7 12 200000 0 0
    seg: 1 12 200000 0 0
    seg: 2 12 200000 0 0
    seg: 3 12 200000 0 0
    seg: 4 12 200000 0 0
    seg: 5 12 200000 0 0
    seg: 6 12 200000 0 0
    seg: 7 12 200000 0 0
    seg: 8 12 200000 0 0
    seg: 9 12 200000 0 0
    seg: 10 12 200000 0 0
    seg: 11 12 200000 0 0
    seg: 12 12 200000 0 0
    seg: 13 12 200000 0 0
    seg: 14 12 200000 0 0
    seg: 15 12 200000 0 0
    seg: 16 12 200000 0 0
    seg: 17 12 200000 0 0
    seg: 18 12 200000 0 0
    seg: 19 12 200000 0 0
    seg: 20 12 200000 0 0
    seg: 1 12 200000 0 0
    seg: 2 12 200000 0 0
    seg: 3 12 200000 0 0
    seg: 4 12 200000 0 0
    seg: 5 12 200000 0 0
    seg: 6 12 200000 0 0
    seg: 7 12 200000 0 0
    seg: 8 12 200000 0 0
    seg: 9 12 200000 0 0
    seg: 10 12 200000 0 0
    seg: 1 12 508000 0 0
    seg: 2 12 508000 0 0
    seg: 3 12 965200 0 0
    seg: 4 13 508000 0 0
    seg: 5 13 508000 0 0
    seg: 6 13 508000 0 0
    seg: 7 13 508000 0 0
    seg: 8 13 508000 0 0
    seg: 9 13 508000 0 0
    seg: 10 13 508000 0 0
    seg: 11 13 508000 0 0
    seg: 12 13 508000 0 0
    seg: 13 13 508000 0 0
    seg: 1 12 279400 0 0
    seg: 2 12 279400 0 0
    seg: 1 12 200000 0 0
    seg: 2 12 200000 0 0
    seg: 3 12 200000 0 0
    seg: 4 12 200000 0 0
    seg: 5 12 200000 0 0
    seg: 6 12 200000 0 0
    seg: 7 12 200000 0 0
    seg: 1 12 200000 0 0
    seg: 2 12 200000 0 0
    seg: 3 12 200000 0 0
    seg: 4 12 200000 0 0
    seg: 5 12 200000 0 0
    seg: 6 12 200000 0 0
    seg: 7 12 200000 0 0
    seg: 8 12 200000 0 0
    seg: 9 12 200000 0 0
    seg: 10 12 200000 0 0
    seg: 11 12 200000 0 0
    seg: 12 12 200000 0 0
    seg: 13 12 200000 0 0
    seg: 1 12 200000 0 0
    seg: 2 12 200000 0 0
    seg: 3 12 200000 0 0
    seg: 4 12 200000 0 0
    seg: 5 12 200000 0 0
    seg: 6 12 200000 0 0
    seg: 7 12 200000 0 0
    seg: 1 12 200000 0 0
    seg: 2 12 200000 0 0
    seg: 3 12 200000 0 0
    seg: 4 13 200000 0 0
    seg: 5 13 200000 0 0
    seg: 6 13 200000 0 0
    seg: 7 12 200000 0 0
    seg: 8 12 200000 0 0
    seg: 1 12 200000 0 0
    seg: 2 12 200000 0 0
    seg: 3 12 200000 0 0
    seg: 4 12 200000 0 0
    seg: 5 12 200000 0 0
    seg: 6 12 200000 0 0
    seg: 7 12 200000 0 0
    seg: 1 12 200000 0 0
    seg: 2 12 200000 0 0
    seg: 3 12 200000 0 0
    seg: 4 12 200000 0 0
    seg: 5 12 200000 0 0
    seg: 6 13 200000 0 0
    seg: 7 13 200000 0 0
    seg: 8 13 200000 0 0
    seg: 9 13 200000 0 0
    seg: 10 13 200000 0 0
    seg: 1 12 200000 0 0
    seg: 2 12 200000 0 0
    seg: 3 12 200000 0 0
    seg: 4 12 200000 0 0
    seg: 5 12 200000 0 0
    seg: 6 13 200000 0 0
    seg: 7 13 200000 0 0
    seg: 8 13 200000 0 0
    seg: 1 12 200000 0 0
    seg: 2 12 200000 0 0
    seg: 3 12 200000 0 0
    seg: 4 12 200000 0 0
    seg: 5 12 200000 0 0
    seg: 6 12 200000 0 0
    seg: 7 12 200000 0 0
    seg: 1 12 200000 0 0
    seg: 2 12 200000 0 0
    seg: 3 12 200000 0 0
    seg: 4 12 200000 0 0
    seg: 5 12 200000 0 0
    seg: 6 12 200000 0 0
    seg: 7 12 200000 0 0
    seg: 8 12 200000 0 0
    seg: 9 12 200000 0 0
    seg: 10 12 200000 0 0
    seg: 11 12 200000 0 0
    seg: 12 12 200000 0 0
    seg: 13 12 200000 0 0
    seg: 1 12 200000 0 0
    seg: 2 12 200000 0 0
    seg: 3 12 200000 0 0
    seg: 4 12 200000 0 0
    seg: 5 12 200000 0 0
    seg: 6 12 200000 0 0
    seg: 7 12 200000 0 0
    seg: 8 12 200000 0 0
    seg: 9 13 200000 0 0
    seg: 10 13 200000 0 0
    seg: 11 13 200000 0 0
    seg: 12 13 200000 0 0
    seg: 13 13 200000 0 0
    seg: 14 13 200000 0 0
    seg: 15 13 200000 0 0
    seg: 1 12 200000 0 0
    seg: 2 12 200000 0 0
    seg: 3 12 200000 0 0
    seg: 1 12 200000 0 0
    seg: 2 12 200000 0 0
    seg: 3 12 200000 0 0
    seg: 4 12 200000 0 0
    seg: 1 12 200000 0 0
    seg: 2 12 200000 0 0
    seg: 3 12 200000 0 0
    seg: 4 12 200000 0 0
    seg: 5 12 200000 0 0
    seg: 6 12 200000 0 0
    seg: 1 12 200000 0 0
    seg: 2 12 200000 0 0
    seg: 3 13 200000 0 0
    seg: 4 13 200000 0 0
    seg: 5 13 200000 0 0
    seg: 6 13 200000 0 0
    seg: 7 13 200000 0 0
    seg: 8 13 200000 0 0
    seg: 9 13 200000 0 0
    seg: 10 13 200000 0 0
    seg: 11 13 200000 0 0
    seg: 12 12 200000 0 0
    seg: 13 12 200000 0 0
    seg: 14 12 200000 0 0
    seg: 15 12 200000 0 0
    seg: 16 12 200000 0 0
    seg: 1 12 200000 0 0
    seg: 2 12 200000 0 0
    seg: 3 12 200000 0 0
    seg: 4 12 200000 0 0
    seg: 5 12 200000 0 0
    seg: 6 12 200000 0 0
    seg: 7 12 200000 0 0
    seg: 8 12 200000 0 0
    seg: 9 12 200000 0 0
    seg: 10 12 200000 0 0
    seg: 11 12 200000 0 0
    seg: 12 12 200000 0 0
    seg: 13 12 200000 0 0
    seg: 1 12 200000 0 0
    seg: 2 12 200000 0 0
    seg: 3 12 200000 0 0
    seg: 4 12 200000 0 0
    seg: 5 12 200000 0 0
    seg: 6 12 200000 0 0
    seg: 7 12 200000 0 0
    seg: 8 12 200000 0 0
    seg: 1 12 200000 0 0
    seg: 2 12 200000 0 0
    seg: 3 12 200000 0 0
    seg: 4 12 200000 0 0
    seg: 5 12 200000 0 0
    seg: 6 12 200000 0 0
    seg: 7 12 200000 0 0
    seg: 1 12 200000 0 0
    seg: 2 12 200000 0 0
    seg: 3 12 200000 0 0
    seg: 4 12 200000 0 0
    seg: 5 12 200000 0 0
    seg: 6 12 200000 0 0
    seg: 7 12 200000 0 0
    seg: 1 13 200000 0 0
    seg: 2 13 200000 0 0
    seg: 3 13 200000 0 0
    seg: 4 13 200000 0 0
    seg: 5 13 200000 0 0
    seg: 6 13 200000 0 0
    seg: 7 12 200000 0 0
    seg: 8 12 200000 0 0
    seg: 1 12 200000 0 0
    seg: 2 12 200000 0 0
    seg: 3 12 200000 0 0
    seg: 4 12 200000 0 0
    seg: 5 12 200000 0 0
    seg: 6 12 200000 0 0
    seg: 7 12 200000 0 0
    seg: 1 12 200000 0 0
    seg: 2 12 200000 0 0
    seg: 3 12 200000 0 0
    seg: 4 12 200000 0 0
    seg: 5 12 200000 0 0
    seg: 6 12 200000 0 0
    seg: 7 12 200000 0 0
    seg: 8 12 200000 0 0
    seg: 9 12 200000 0 0
    seg: 10 12 200000 0 0
    seg: 11 12 200000 0 0
    seg: 12 12 200000 0 0
    seg: 13 12 200000 0 0
    seg: 14 12 200000 0 0
    seg: 15 12 200000 0 0
    seg: 16 12 200000 0 0
    seg: 17 12 200000 0 0
    seg: 18 12 200000 0 0
    seg: 19 12 200000 0 0
    seg: 1 12 200000 0 0
    seg: 2 12 200000 0 0
    seg: 3 12 200000 0 0
    seg: 4 12 200000 0 0
    seg: 5 12 200000 0 0
    seg: 6 12 200000 0 0
    seg: 7 12 200000 0 0
    seg: 8 12 200000 0 0
    seg: 9 12 200000 0 0
    seg: 10 12 200000 0 0
    seg: 11 12 200000 0 0
    seg: 12 12 200000 0 0
    seg: 13 12 200000 0 0
    seg: 14 12 200000 0 0
    seg: 15 12 200000 0 0
    seg: 16 12 200000 0 0
    seg: 17 12 200000 0 0
    seg: 18 12 200000 0 0
    seg: 19 12 200000 0 0
    seg: 20 12 200000 0 0
    seg: 21 12 200000 0 0
    seg: 1 12 200000 0 0
    seg: 2 12 200000 0 0
    seg: 3 12 200000 0 0
    seg: 4 12 200000 0 0
    seg: 5 12 200000 0 0
    seg: 6 12 200000 0 0
    seg: 7 12 200000 0 0
    seg: 8 12 200000 0 0
    seg: 9 12 200000 0 0
    seg: 1 13 200000 0 0
    seg: 2 13 200000 0 0
    seg: 3 13 200000 0 0
    seg: 4 13 200000 0 0
    seg: 5 13 200000 0 0
    seg: 6 13 200000 0 0
    seg: 7 13 200000 0 0
    seg: 8 13 200000 0 0
    seg: 9 13 200000 0 0
    seg: 10 13 200000 0 0
    seg: 11 13 200000 0 0
    seg: 12 13 200000 0 0
    seg: 13 12 200000 0 0
    seg: 14 12 200000 0 0
    seg: 15 12 200000 0 0
    seg: 1 12 200000 0 0
    seg: 2 12 200000 0 0
    seg: 3 12 200000 0 0
    seg: 4 12 200000 0 0
    seg: 5 12 200000 0 0
    seg: 6 13 200000 0 0
    seg: 7 13 200000 0 0
    seg: 8 13 200000 0 0
    seg: 9 13 200000 0 0
    seg: 10 13 200000 0 0
    seg: 11 13 200000 0 0
    seg: 12 13 200000 0 0
    seg: 13 13 200000 0 0
    seg: 14 13 200000 0 0
    seg: 1 12 200000 0 0
    seg: 2 12 200000 0 0
    seg: 3 12 200000 0 0
    seg: 4 12 200000 0 0
    seg: 5 12 200000 0 0
    seg: 6 12 200000 0 0
    seg: 1 13 762000 0 0
    seg: 2 13 762000 0 0
    seg: 1 13 762000 0 0
    seg: 2 13 762000 0 0
    seg: 1 13 762000 0 0
    seg: 2 13 762000 0 0
    seg: 1 12 762000 0 0
    seg: 2 12 762000 0 0
    seg: 1 13 762000 0 0
    seg: 2 13 762000 0 0
    seg: 1 13 762000 0 0
    seg: 2 13 762000 0 0
    seg: 1 13 762000 0 0
    seg: 2 13 762000 0 0
    seg: 1 12 279400 0 0
    seg: 1 12 279400 0 0
    seg: 2 12 279400 0 0
    seg: 1 12 279400 0 0
    seg: 2 12 279400 0 0
    seg: 1 12 965200 0 0
    seg: 1 12 279400 0 0
    seg: 1 12 965200 0 0
    seg: 1 12 279400 0 0
    seg: 2 12 279400 0 0
    seg: 3 12 279400 0 0
    seg: 1 12 965200 0 0
    seg: 1 12 279400 0 0
    seg: 1 12 279400 0 0
    seg: 2 12 279400 0 0
    seg: 3 12 279400 0 0
    seg: 4 12 279400 0 0
    seg: 1 12 279400 0 0
    seg: 2 12 279400 0 0
    seg: 3 14 1524000 0 0
    seg: 1 12 279400 0 0
    seg: 2 12 279400 0 0
    seg: 1 12 279400 0 0
    seg: 2 12 279400 0 0
    seg: 3 14 1524000 0 0
    seg: 1 12 279400 0 0
    seg: 2 12 279400 0 0
    seg: 1 12 965200 0 0
    seg: 2 12 965200 0 0
    seg: 3 12 965200 0 0
    seg: 4 12 965200 0 0
    seg: 5 12 965200 0 0
    seg: 6 12 965200 0 0
    seg: 1 13 279400 0 0
    seg: 1 13 762000 0 0
    seg: 2 13 762000 0 0
    seg: 3 13 762000 0 0
    seg: 4 13 762000 0 0
    seg: 1 13 762000 0 0
    seg: 2 13 762000 0 0
    seg: 3 13 762000 0 0
    seg: 4 13 762000 0 0
    seg: 5 13 762000 0 0
    seg: 1 13 279400 0 0
    seg: 2 13 279400 0 0
    seg: 1 13 762000 0 0
    seg: 2 13 762000 0 0
    seg: 3 13 762000 0 0
    seg: 4 13 762000 0 0
    seg: 1 12 965200 0 0
    seg: 2 12 965200 0 0
    seg: 1 12 279400 0 0
    seg: 2 12 965200 0 0
    seg: 1 12 965200 0 0
    seg: 1 12 965200 0 0
    seg: 1 12 965200 0 0
    seg: 1 12 279400 0 0
    seg: 2 12 279400 0 0
    seg: 1 12 965200 0 0
    seg: 1 12 279400 0 0
    seg: 2 12 279400 0 0
    seg: 1 12 279400 0 0
    seg: 2 12 279400 0 0
    seg: 3 12 279400 0 0
    seg: 4 12 279400 0 0
    seg: 5 12 279400 0 0
    seg: 1 12 279400 0 0
    seg: 2 12 279400 0 0
    seg: 1 12 965200 0 0
    seg: 1 12 965200 0 0
    seg: 1 12 200000 0 0
    seg: 2 12 200000 0 0
    seg: 3 12 200000 0 0
    seg: 4 12 200000 0 0
    seg: 5 12 200000 0 0
    seg: 1 12 279400 0 0
    seg: 2 12 279400 0 0
    seg: 1 12 279400 0 0
    seg: 2 12 279400 0 0
    seg: 3 12 279400 0 0
    seg: 1 12 279400 0 0
    seg: 2 12 279400 0 0
    seg: 1 12 279400 0 0
    seg: 2 12 279400 0 0
    seg: 1 12 965200 0 0
    seg: 1 12 965200 0 0
    seg: 1 12 508000 0 0
    seg: 1 12 200000 0 0
    seg: 2 12 200000 0 0
    seg: 3 12 200000 0 0
    seg: 4 12 200000 0 0
    seg: 5 12 200000 0 0
    seg: 6 12 200000 0 0
    seg: 7 12 200000 0 0
    seg: 8 12 200000 0 0
    seg: 9 12 200000 0 0
    seg: 10 12 200000 0 0
    seg: 11 12 200000 0 0
    seg: 1 12 965200 0 0
    seg: 1 12 279400 0 0
    seg: 1 12 279400 0 0
    seg: 2 12 279400 0 0
    seg: 3 12 279400 0 0
    seg: 1 12 965200 0 0
    seg: 1 12 965200 0 0
    seg: 1 12 279400 0 0
    seg: 2 12 279400 0 0
    seg: 1 12 279400 0 0
    seg: 2 12 279400 0 0
    seg: 3 12 279400 0 0
    seg: 1 12 279400 0 0
    seg: 2 12 508000 0 0
    seg: 1 12 279400 0 0
    seg: 2 12 965200 0 0
    seg: 1 12 508000 0 0
    seg: 2 12 508000 0 0
    seg: 3 12 508000 0 0
    seg: 1 12 203200 0 0
    seg: 2 12 203200 0 0
    seg: 3 12 203200 0 0
    seg: 4 12 203200 0 0
    seg: 1 12 279400 0 0
    seg: 2 12 279400 0 0
    seg: 3 12 279400 0 0
    seg: 1 12 279400 0 0
    seg: 2 12 965200 0 0
    seg: 3 12 965200 0 0
    seg: 4 12 965200 0 0
    seg: 1 12 200000 0 0
    seg: 2 12 200000 0 0
    seg: 3 12 200000 0 0
    seg: 4 12 200000 0 0
    seg: 5 12 200000 0 0
    seg: 6 12 200000 0 0
    seg: 1 12 200000 0 0
    seg: 2 12 200000 0 0
    seg: 3 12 200000 0 0
    seg: 4 12 200000 0 0
    seg: 5 12 200000 0 0
    seg: 1 12 200000 0 0
    seg: 2 12 200000 0 0
    seg: 3 13 200000 0 0
    seg: 4 13 200000 0 0
    seg: 5 13 200000 0 0
    seg: 6 13 200000 0 0
    seg: 7 13 200000 0 0
    seg: 8 13 200000 0 0
    seg: 9 13 200000 0 0
    seg: 10 13 200000 0 0
    seg: 11 13 200000 0 0
    seg: 12 13 200000 0 0
    seg: 13 12 200000 0 0
    seg: 14 12 200000 0 0
    seg: 15 12 200000 0 0
    seg: 16 12 200000 0 0
    seg: 17 12 200000 0 0
    seg: 1 12 200000 0 0
    seg: 2 12 200000 0 0
    seg: 3 12 200000 0 0
    seg: 4 12 200000 0 0
    seg: 5 12 200000 0 0
    seg: 6 12 200000 0 0
    seg: 7 12 200000 0 0
    seg: 8 12 200000 0 0
    seg: 9 12 200000 0 0
    seg: 10 12 200000 0 0
    seg: 11 12 200000 0 0
    seg: 1 13 200000 0 0
    seg: 2 13 200000 0 0
    seg: 3 13 200000 0 0
    seg: 4 13 200000 0 0
    seg: 5 13 200000 0 0
    seg: 6 13 200000 0 0
    seg: 7 13 200000 0 0
    seg: 8 13 200000 0 0
    seg: 9 13 200000 0 0
    seg: 10 13 200000 0 0
    seg: 11 13 200000 0 0
    seg: 12 13 200000 0 0
    seg: 13 13 200000 0 0
    seg: 14 13 200000 0 0
    seg: 15 13 200000 0 0
    seg: 16 13 200000 0 0
    seg: 17 12 200000 0 0
    seg: 18 12 200000 0 0
    seg: 19 12 200000 0 0
    seg: 20 12 200000 0 0
    seg: 21 12 200000 0 0
    seg: 1 12 200000 0 0
    seg: 2 12 200000 0 0
    seg: 3 12 200000 0 0
    seg: 4 12 200000 0 0
    seg: 5 12 200000 0 0
    seg: 6 13 200000 0 0
    seg: 7 13 200000 0 0
    seg: 8 13 200000 0 0
    seg: 9 13 200000 0 0
    seg: 10 13 200000 0 0
    seg: 11 13 200000 0 0
    seg: 12 13 200000 0 0
    seg: 1 13 762000 0 0
    seg: 2 13 762000 0 0
    seg: 3 13 762000 0 0
    seg: 4 13 762000 0 0
    seg: 5 13 762000 0 0
    seg: 1 13 200000 0 0
    seg: 2 13 200000 0 0
    seg: 3 13 200000 0 0
    seg: 4 13 200000 0 0
    seg: 5 13 200000 0 0
    seg: 6 13 200000 0 0
    seg: 7 12 200000 0 0
    seg: 8 12 200000 0 0
    seg: 1 12 304800 0 0
    seg: 2 12 304800 0 0
    seg: 3 12 304800 0 0
    seg: 1 12 304800 0 0
    seg: 2 12 304800 0 0
    seg: 3 12 304800 0 0
    seg: 1 12 304800 0 0
    seg: 1 12 304800 0 0
    seg: 2 12 304800 0 0
    seg: 3 12 304800 0 0
    seg: 1 12 304800 0 0
    seg: 1 12 304800 0 0
    seg: 1 12 200000 0 0
    seg: 1 12 200000 0 0
    seg: 1 12 200000 0 0
    seg: 2 12 200000 0 0
    seg: 3 12 200000 0 0
    seg: 4 12 200000 0 0
    seg: 5 13 200000 0 0
    seg: 6 13 200000 0 0
    seg: 7 13 200000 0 0
    seg: 1 12 200000 0 0
    seg: 2 12 200000 0 0
    seg: 3 12 200000 0 0
    seg: 4 12 200000 0 0
    seg: 5 12 200000 0 0
    seg: 1 12 200000 0 0
    seg: 2 12 200000 0 0
    seg: 3 12 200000 0 0
    seg: 4 12 200000 0 0
    seg: 5 13 200000 0 0
    seg: 6 13 200000 0 0
    seg: 7 13 200000 0 0
    seg: 8 13 200000 0 0
    seg: 1 12 200000 0 0
    seg: 2 12 200000 0 0
    seg: 3 12 200000 0 0
    seg: 4 12 200000 0 0
    seg: 5 12 200000 0 0
    seg: 6 12 200000 0 0
    seg: 7 12 200000 0 0
    seg: 8 12 200000 0 0
    seg: 9 12 200000 0 0
    seg: 1 12 200000 0 0
    seg: 1 13 200000 0 0
    seg: 2 13 200000 0 0
    seg: 3 13 200000 0 0
    seg: 4 13 200000 0 0
    seg: 5 13 200000 0 0
    seg: 6 13 200000 0 0
    seg: 7 13 200000 0 0
    seg: 8 13 200000 0 0
    seg: 9 13 200000 0 0
    seg: 10 13 200000 0 0
    seg: 11 13 200000 0 0
    seg: 12 13 200000 0 0
    seg: 13 12 200000 0 0
    seg: 14 12 200000 0 0
    seg: 15 12 200000 0 0
    seg: 16 12 200000 0 0
    seg: 17 12 200000 0 0
    seg: 18 12 200000 0 0
    seg: 19 12 200000 0 0
    seg: 1 12 431800 0 0
    seg: 2 12 431800 0 0
    seg: 3 12 431800 0 0
    seg: 1 12 431800 0 0
    seg: 2 12 431800 0 0
    seg: 3 12 431800 0 0
    seg: 4 12 431800 0 0
    seg: 5 12 431800 0 0
    seg: 6 12 431800 0 0
    seg: 1 12 762000 0 0
    seg: 2 12 762000 0 0
    seg: 3 12 762000 0 0
    seg: 4 12 762000 0 0
    seg: 1 12 200000 0 0
    seg: 2 12 200000 0 0
    seg: 3 12 200000 0 0
    seg: 4 12 200000 0 0
    seg: 5 12 200000 0 0
    seg: 6 13 200000 0 0
    seg: 7 13 200000 0 0
    seg: 8 13 200000 0 0
    seg: 9 13 200000 0 0
    seg: 10 13 200000 0 0
    seg: 11 13 200000 0 0
    seg: 12 13 200000 0 0
    seg: 13 12 200000 0 0
    seg: 14 12 200000 0 0
    seg: 1 12 200000 0 0
    seg: 2 12 200000 0 0
    seg: 3 12 200000 0 0
    seg: 4 13 200000 0 0
    seg: 5 13 200000 0 0
    seg: 1 12 200000 0 0
    seg: 2 12 200000 0 0
    seg: 3 12 200000 0 0
    seg: 4 13 200000 0 0
    seg: 5 13 200000 0 0
    seg: 6 13 200000 0 0
    seg: 7 13 200000 0 0
    seg: 8 13 200000 0 0
    seg: 9 13 200000 0 0
    seg: 10 13 200000 0 0
    seg: 11 13 200000 0 0
    seg: 12 13 200000 0 0
    seg: 1 12 200000 0 0
    seg: 2 12 200000 0 0
    seg: 3 12 200000 0 0
    seg: 4 12 200000 0 0
    seg: 5 12 200000 0 0
    seg: 6 12 200000 0 0
    seg: 7 12 200000 0 0
    seg: 1 12 200000 0 0
    seg: 2 12 200000 0 0
    seg: 3 12 200000 0 0
    seg: 4 12 200000 0 0
    seg: 5 12 200000 0 0
    seg: 1 12 200000 0 0
    seg: 2 12 200000 0 0
    seg: 3 12 200000 0 0
    seg: 4 12 200000 0 0
    seg: 5 13 200000 0 0
    seg: 6 13 200000 0 0
    seg: 7 13 200000 0 0
    seg: 8 13 200000 0 0
    seg: 9 13 200000 0 0
    seg: 10 13 200000 0 0
    seg: 1 12 200000 0 0
    seg: 2 12 200000 0 0
    seg: 3 12 200000 0 0
    seg: 4 12 200000 0 0
    seg: 5 12 200000 0 0
    seg: 6 12 200000 0 0
    seg: 7 12 200000 0 0
    seg: 8 12 200000 0 0
    seg: 9 13 200000 0 0
    seg: 10 13 200000 0 0
    seg: 11 13 200000 0 0
    seg: 12 13 200000 0 0
    seg: 13 13 200000 0 0
    seg: 14 13 200000 0 0
    seg: 15 13 200000 0 0
    seg: 16 13 200000 0 0
    seg: 17 13 200000 0 0
    seg: 1 12 200000 0 0
    seg: 2 12 200000 0 0
    seg: 3 12 200000 0 0
    seg: 4 12 200000 0 0
    seg: 5 12 200000 0 0
    seg: 6 12 200000 0 0
    seg: 7 12 200000 0 0
    seg: 1 12 200000 0 0
    seg: 2 12 200000 0 0
    seg: 3 12 200000 0 0
    seg: 4 12 200000 0 0
    seg: 5 12 200000 0 0
    seg: 6 12 200000 0 0
    seg: 7 12 200000 0 0
    seg: 1 12 200000 0 0
    seg: 2 12 200000 0 0
    seg: 3 13 200000 0 0
    seg: 4 13 200000 0 0
    seg: 5 13 200000 0 0
    seg: 6 13 200000 0 0
    seg: 7 13 200000 0 0
    seg: 8 13 200000 0 0
    seg: 9 13 200000 0 0
    seg: 10 13 200000 0 0
    seg: 11 13 200000 0 0
    seg: 12 12 200000 0 0
    seg: 13 12 200000 0 0
    seg: 14 12 200000 0 0
    seg: 1 12 200000 0 0
    seg: 2 12 200000 0 0
    seg: 3 12 200000 0 0
    seg: 4 12 200000 0 0
    seg: 5 13 200000 0 0
    seg: 6 13 200000 0 0
    seg: 7 13 200000 0 0
    seg: 8 13 200000 0 0
    seg: 9 13 200000 0 0
    seg: 10 13 200000 0 0
    seg: 11 13 200000 0 0
    seg: 12 13 200000 0 0
    seg: 13 13 200000 0 0
    seg: 14 13 200000 0 0
    seg: 1 12 200000 0 0
    seg: 2 12 200000 0 0
    seg: 3 12 200000 0 0
    seg: 4 12 200000 0 0
    seg: 5 12 200000 0 0
    seg: 6 13 200000 0 0
    seg: 7 13 200000 0 0
    seg: 8 13 200000 0 0
    seg: 9 12 200000 0 0
    seg: 10 12 200000 0 0
    seg: 1 12 200000 0 0
    seg: 2 12 200000 0 0
    seg: 3 12 200000 0 0
    seg: 4 12 200000 0 0
    seg: 5 12 200000 0 0
    seg: 6 12 200000 0 0
    seg: 1 12 200000 0 0
    seg: 2 12 200000 0 0
    seg: 3 12 200000 0 0
    seg: 4 12 200000 0 0
    seg: 5 12 200000 0 0
    seg: 6 12 200000 0 0
    seg: 7 12 200000 0 0
    seg: 1 12 200000 0 0
    seg: 2 12 200000 0 0
    seg: 3 12 200000 0 0
    seg: 4 12 200000 0 0
    seg: 5 12 200000 0 0
    seg: 6 12 200000 0 0
    seg: 7 12 200000 0 0
    seg: 8 12 200000 0 0
    seg: 9 12 200000 0 0
    seg: 1 12 200000 0 0
    seg: 2 12 200000 0 0
    seg: 3 12 200000 0 0
    seg: 4 13 200000 0 0
    seg: 5 13 200000 0 0
    seg: 6 13 200000 0 0
    seg: 7 13 200000 0 0
    seg: 8 13 200000 0 0
    seg: 9 13 200000 0 0
    seg: 10 13 200000 0 0
    seg: 11 13 200000 0 0
    seg: 12 13 200000 0 0
    seg: 13 12 200000 0 0
    seg: 14 12 200000 0 0
    seg: 15 12 200000 0 0
    seg: 16 12 200000 0 0
    seg: 17 12 200000 0 0
    seg: 18 12 200000 0 0
    seg: 1 12 200000 0 0
    seg: 2 12 200000 0 0
    seg: 3 12 200000 0 0
    seg: 4 12 200000 0 0
    seg: 5 12 200000 0 0
    seg: 6 12 200000 0 0
    seg: 7 12 200000 0 0
    seg: 8 12 200000 0 0
    seg: 9 12 200000 0 0
    seg: 1 12 200000 0 0
    seg: 2 12 200000 0 0
    seg: 3 12 200000 0 0
    seg: 4 13 200000 0 0
    seg: 5 13 200000 0 0
    seg: 6 13 200000 0 0
    seg: 7 13 200000 0 0
    seg: 8 13 200000 0 0
    seg: 9 13 200000 0 0
    seg: 10 13 200000 0 0
    seg: 11 13 200000 0 0
    seg: 12 13 200000 0 0
    seg: 13 13 200000 0 0
    seg: 14 13 200000 0 0
    seg: 15 13 200000 0 0
    seg: 16 12 200000 0 0
    seg: 17 12 200000 0 0
    seg: 18 12 200000 0 0
    seg: 19 12 200000 0 0
    seg: 1 12 200000 0 0
    seg: 2 12 200000 0 0
    seg: 3 12 200000 0 0
    seg: 4 12 200000 0 0
    seg: 5 12 200000 0 0
    seg: 6 12 200000 0 0
    seg: 7 12 200000 0 0
    seg: 8 12 200000 0 0
    seg: 9 12 200000 0 0
    seg: 10 12 200000 0 0
    seg: 11 12 200000 0 0
    seg: 12 12 200000 0 0
    seg: 1 12 200000 0 0
    seg: 2 12 200000 0 0
    seg: 3 12 200000 0 0
    seg: 4 12 200000 0 0
    seg: 5 12 200000 0 0
    seg: 6 12 200000 0 0
    seg: 7 12 200000 0 0
    seg: 1 12 200000 0 0
    seg: 2 12 200000 0 0
    seg: 3 12 200000 0 0
    seg: 4 12 200000 0 0
    seg: 5 12 200000 0 0
    seg: 6 12 200000 0 0
    seg: 7 12 200000 0 0
    seg: 1 12 279400 0 0
    seg: 2 12 965200 0 0
    seg: 1 12 914400 0 0
    seg: 2 12 279400 0 0
    seg: 1 12 279400 0 0
    seg: 2 12 965200 0 0
    seg: 1 12 279400 0 0
    seg: 2 12 279400 0 0
    seg: 1 12 279400 0 0
    seg: 2 12 279400 0 0
    seg: 1 12 279400 0 0
    seg: 2 12 279400 0 0
    seg: 1 12 762000 0 0
    seg: 1 12 279400 0 0
    seg: 1 12 279400 0 0
    seg: 2 12 279400 0 0
    seg: 1 12 965200 0 0
    seg: 1 12 965200 0 0
    seg: 1 12 279400 0 0
    seg: 2 12 279400 0 0
    seg: 3 12 279400 0 0
    seg: 1 12 711200 0 0
    seg: 2 12 711200 0 0
    seg: 1 12 279400 0 0
    seg: 2 12 279400 0 0
    seg: 3 12 279400 0 0
    seg: 1 12 965200 0 0
    seg: 1 12 279400 0 0
    seg: 2 12 279400 0 0
    seg: 1 12 965200 0 0
    seg: 1 12 279400 0 0
    seg: 2 12 279400 0 0
    seg: 3 12 279400 0 0
    seg: 1 12 279400 0 0
    seg: 2 12 279400 0 0
    seg: 1 12 965200 0 0
    seg: 1 12 279400 0 0
    seg: 2 12 279400 0 0
    seg: 3 12 279400 0 0
    seg: 4 12 279400 0 0
    seg: 5 12 279400 0 0
    seg: 6 12 279400 0 0
    seg: 1 12 279400 0 0
    seg: 2 12 965200 0 0
    seg: 1 12 965200 0 0
    seg: 2 12 965200 0 0
    seg: 1 12 279400 0 0
    seg: 2 12 965200 0 0
    seg: 1 12 431800 0 0
    seg: 2 12 431800 0 0
    seg: 3 12 431800 0 0
    seg: 4 12 431800 0 0
    seg: 5 12 431800 0 0
    seg: 6 12 431800 0 0
    seg: 7 12 431800 0 0
    seg: 1 12 200000 0 0
    seg: 2 12 200000 0 0
    seg: 3 12 200000 0 0
    seg: 4 12 200000 0 0
    seg: 5 12 200000 0 0
    seg: 6 12 200000 0 0
    seg: 7 12 200000 0 0
    seg: 8 12 200000 0 0
    seg: 1 12 200000 0 0
    seg: 2 12 200000 0 0
    seg: 3 12 200000 0 0
    seg: 1 12 200000 0 0
    seg: 2 12 200000 0 0
    seg: 3 12 200000 0 0
    seg: 4 13 200000 0 0
    seg: 5 13 200000 0 0
    seg: 6 13 200000 0 0
    seg: 7 13 200000 0 0
    seg: 8 13 200000 0 0
    seg: 9 13 200000 0 0
    seg: 10 12 200000 0 0
    seg: 11 12 200000 0 0
    seg: 12 12 200000 0 0
    seg: 13 12 200000 0 0
    seg: 1 12 200000 0 0
    seg: 2 12 200000 0 0
    seg: 3 12 200000 0 0
    seg: 4 12 200000 0 0
    seg: 5 12 200000 0 0
    seg: 6 12 200000 0 0
    seg: 7 13 200000 0 0
    seg: 8 13 200000 0 0
    seg: 9 13 200000 0 0
    seg: 10 13 200000 0 0
    seg: 11 13 200000 0 0
    seg: 12 13 200000 0 0
    seg: 13 13 200000 0 0
    seg: 14 13 200000 0 0
    seg: 15 13 200000 0 0
    seg: 16 13 200000 0 0
    seg: 17 13 200000 0 0
